{
 "cells": [
  {
   "cell_type": "markdown",
   "metadata": {},
   "source": [
    "# numpy exercises\n",
    "A joint effort of the numpy community\n",
    "The goal is both to offer a quick reference for new and old users and to providealso a set of exercices for those who teach.\n",
    "If you remember having asked oranswered a (short) problem, you can send a pull request. \n",
    "The format is:\n",
    "#. Find indices of non-zero elements from [1,2,0,0,4,0]\n",
    ".. code:: python      \n",
    "        # Author: Somebody     \n",
    "        print(np.nonzero([1,2,0,0,4,0]))Here is what the page looks like so far:http://www.labri.fr/perso/nrougier/teaching/numpy.100/index.htmlRepository is at: https://github.com/rougier/numpy­100Thanks to Michiaki Ariga, there is now a Julia version.\n",
    "                       "
   ]
  },
  {
   "cell_type": "code",
   "execution_count": 1,
   "metadata": {},
   "outputs": [],
   "source": [
    "#1. Import the numpy package under the name np (★☆☆) \n",
    "import numpy as np"
   ]
  },
  {
   "cell_type": "code",
   "execution_count": 3,
   "metadata": {
    "scrolled": true
   },
   "outputs": [
    {
     "name": "stdout",
     "output_type": "stream",
     "text": [
      "1.19.5\n",
      "blas_mkl_info:\n",
      "  NOT AVAILABLE\n",
      "blis_info:\n",
      "  NOT AVAILABLE\n",
      "openblas_info:\n",
      "    library_dirs = ['D:\\\\a\\\\1\\\\s\\\\numpy\\\\build\\\\openblas_info']\n",
      "    libraries = ['openblas_info']\n",
      "    language = f77\n",
      "    define_macros = [('HAVE_CBLAS', None)]\n",
      "blas_opt_info:\n",
      "    library_dirs = ['D:\\\\a\\\\1\\\\s\\\\numpy\\\\build\\\\openblas_info']\n",
      "    libraries = ['openblas_info']\n",
      "    language = f77\n",
      "    define_macros = [('HAVE_CBLAS', None)]\n",
      "lapack_mkl_info:\n",
      "  NOT AVAILABLE\n",
      "openblas_lapack_info:\n",
      "    library_dirs = ['D:\\\\a\\\\1\\\\s\\\\numpy\\\\build\\\\openblas_lapack_info']\n",
      "    libraries = ['openblas_lapack_info']\n",
      "    language = f77\n",
      "    define_macros = [('HAVE_CBLAS', None)]\n",
      "lapack_opt_info:\n",
      "    library_dirs = ['D:\\\\a\\\\1\\\\s\\\\numpy\\\\build\\\\openblas_lapack_info']\n",
      "    libraries = ['openblas_lapack_info']\n",
      "    language = f77\n",
      "    define_macros = [('HAVE_CBLAS', None)]\n"
     ]
    }
   ],
   "source": [
    "#2. Print the numpy version and the configuration (★☆☆)\n",
    "print(np.__version__)\n",
    "np.show_config()"
   ]
  },
  {
   "cell_type": "code",
   "execution_count": 4,
   "metadata": {},
   "outputs": [
    {
     "name": "stdout",
     "output_type": "stream",
     "text": [
      "[0. 0. 0. 0. 0. 0. 0. 0. 0. 0.]\n"
     ]
    }
   ],
   "source": [
    "#3. Create a null vector of size 10 (★☆☆)\n",
    "Z = np.zeros(10)\n",
    "print(Z)"
   ]
  },
  {
   "cell_type": "code",
   "execution_count": 61,
   "metadata": {},
   "outputs": [],
   "source": [
    "#4. How to get the documentation of the numpy add function from the commandline? (★☆☆)\n",
    "#python -c \"import numpy; numpy.info(numpy.add)\""
   ]
  },
  {
   "cell_type": "code",
   "execution_count": 7,
   "metadata": {},
   "outputs": [
    {
     "name": "stdout",
     "output_type": "stream",
     "text": [
      "[0. 0. 0. 0. 1. 0. 0. 0. 0. 0.]\n"
     ]
    }
   ],
   "source": [
    "#5. Create a null vector of size 10 but the fifth value which is 1 (★☆☆)\n",
    "Z = np.zeros(10)\n",
    "Z[4] = 1\n",
    "print(Z)"
   ]
  },
  {
   "cell_type": "code",
   "execution_count": 8,
   "metadata": {},
   "outputs": [
    {
     "name": "stdout",
     "output_type": "stream",
     "text": [
      "[10 11 12 13 14 15 16 17 18 19 20 21 22 23 24 25 26 27 28 29 30 31 32 33\n",
      " 34 35 36 37 38 39 40 41 42 43 44 45 46 47 48 49]\n"
     ]
    }
   ],
   "source": [
    "#6. Create a vector with values ranging from 10 to 49 (★☆☆)\n",
    "Z = np.arange(10,50)\n",
    "print(Z)"
   ]
  },
  {
   "cell_type": "code",
   "execution_count": 9,
   "metadata": {},
   "outputs": [],
   "source": [
    "#7. Reverse a vector (first element becomes last) (★☆☆)\n",
    "Z = np.arange(50)\n",
    "Z = Z[::-1]"
   ]
  },
  {
   "cell_type": "code",
   "execution_count": 10,
   "metadata": {},
   "outputs": [],
   "source": [
    "#8. Create a 3x3 matrix with values ranging from 0 to 8 (★☆☆)"
   ]
  },
  {
   "cell_type": "code",
   "execution_count": 11,
   "metadata": {},
   "outputs": [
    {
     "name": "stdout",
     "output_type": "stream",
     "text": [
      "[[0 1 2]\n",
      " [3 4 5]\n",
      " [6 7 8]]\n"
     ]
    }
   ],
   "source": [
    "Z = np.arange(9).reshape(3,3)\n",
    "print(Z)"
   ]
  },
  {
   "cell_type": "code",
   "execution_count": 12,
   "metadata": {},
   "outputs": [
    {
     "name": "stdout",
     "output_type": "stream",
     "text": [
      "(array([0, 1, 4], dtype=int64),)\n"
     ]
    }
   ],
   "source": [
    "#9. Find indices of non­zero elements from [1,2,0,0,4,0] (★☆☆)\n",
    "nz = np.nonzero([1,2,0,0,4,0])\n",
    "print(nz)"
   ]
  },
  {
   "cell_type": "code",
   "execution_count": 13,
   "metadata": {},
   "outputs": [
    {
     "name": "stdout",
     "output_type": "stream",
     "text": [
      "[[1. 0. 0.]\n",
      " [0. 1. 0.]\n",
      " [0. 0. 1.]]\n"
     ]
    }
   ],
   "source": [
    "#10. Create a 3x3 identity matrix (★☆☆)\n",
    "Z = np.eye(3)\n",
    "print(Z)"
   ]
  },
  {
   "cell_type": "code",
   "execution_count": 14,
   "metadata": {},
   "outputs": [
    {
     "name": "stdout",
     "output_type": "stream",
     "text": [
      "[[[0.23662687 0.18872171 0.12339821]\n",
      "  [0.57630268 0.01495411 0.31488181]\n",
      "  [0.53930508 0.48335842 0.74894765]]\n",
      "\n",
      " [[0.04471176 0.65636827 0.42822382]\n",
      "  [0.53210811 0.60827796 0.68260539]\n",
      "  [0.95729994 0.77110503 0.68060824]]\n",
      "\n",
      " [[0.97825546 0.67576206 0.67592179]\n",
      "  [0.93131052 0.13102964 0.06187632]\n",
      "  [0.2087487  0.42889664 0.52153036]]]\n"
     ]
    }
   ],
   "source": [
    "#11. Create a 3x3x3 array with random values (★☆☆)\n",
    "Z = np.random.random((3,3,3))\n",
    "print(Z)"
   ]
  },
  {
   "cell_type": "code",
   "execution_count": 15,
   "metadata": {},
   "outputs": [
    {
     "name": "stdout",
     "output_type": "stream",
     "text": [
      "0.008439926844244883 0.9794460855631003\n"
     ]
    }
   ],
   "source": [
    "#12. Create a 10x10 array with random values and find the minimum and maximumvalues (★☆☆)\n",
    "Z = np.random.random((10,10))\n",
    "Zmin,Zmax = Z.min(),Z.max()\n",
    "print(Zmin,Zmax)"
   ]
  },
  {
   "cell_type": "code",
   "execution_count": 16,
   "metadata": {},
   "outputs": [
    {
     "name": "stdout",
     "output_type": "stream",
     "text": [
      "0.4992463894313142\n"
     ]
    }
   ],
   "source": [
    "#13. Create a random vector of size 30 and find the mean value (★☆☆)\n",
    "Z = np.random.random(30)\n",
    "m = Z.mean()\n",
    "print(m)"
   ]
  },
  {
   "cell_type": "code",
   "execution_count": 17,
   "metadata": {},
   "outputs": [],
   "source": [
    "#14. Create a 2d array with 1 on the border and 0 inside (★☆☆)\n",
    "Z = np.ones((10,10))\n",
    "Z[1:-1,1:-1] = 0"
   ]
  },
  {
   "cell_type": "code",
   "execution_count": 18,
   "metadata": {},
   "outputs": [
    {
     "data": {
      "text/plain": [
       "False"
      ]
     },
     "execution_count": 18,
     "metadata": {},
     "output_type": "execute_result"
    }
   ],
   "source": [
    "#15. What is the result of the following expression? (★☆☆)\n",
    "0*np.nan\n",
    "np.nan == np.nan\n",
    "np.inf>np.nan\n",
    "np.nan-np.nan\n",
    "0.3 == 3*0.1"
   ]
  },
  {
   "cell_type": "code",
   "execution_count": 19,
   "metadata": {},
   "outputs": [
    {
     "name": "stdout",
     "output_type": "stream",
     "text": [
      "[[0 0 0 0 0]\n",
      " [1 0 0 0 0]\n",
      " [0 2 0 0 0]\n",
      " [0 0 3 0 0]\n",
      " [0 0 0 4 0]]\n"
     ]
    }
   ],
   "source": [
    "#16. Create a 5x5 matrix with values 1,2,3,4 just below the diagonal (★☆☆)\n",
    "Z = np.diag(1+np.arange(4),k=-1)\n",
    "print(Z)"
   ]
  },
  {
   "cell_type": "code",
   "execution_count": 23,
   "metadata": {},
   "outputs": [
    {
     "name": "stdout",
     "output_type": "stream",
     "text": [
      "[[0 1 0 1 0 1 0 1]\n",
      " [1 0 1 0 1 0 1 0]\n",
      " [0 1 0 1 0 1 0 1]\n",
      " [1 0 1 0 1 0 1 0]\n",
      " [0 1 0 1 0 1 0 1]\n",
      " [1 0 1 0 1 0 1 0]\n",
      " [0 1 0 1 0 1 0 1]\n",
      " [1 0 1 0 1 0 1 0]]\n"
     ]
    }
   ],
   "source": [
    "#17. Create a 8x8 matrix and fill it with a checkerboard pattern (★☆☆)\n",
    "Z = np.zeros((8,8),dtype=int)\n",
    "Z[1::2,::2] = 1\n",
    "Z[::2,1::2] = 1\n",
    "print(Z)"
   ]
  },
  {
   "cell_type": "code",
   "execution_count": 21,
   "metadata": {},
   "outputs": [
    {
     "name": "stdout",
     "output_type": "stream",
     "text": [
      "(1, 5, 4)\n"
     ]
    }
   ],
   "source": [
    "#18. Consider a (6,7,8) shape array, what is the index (x,y,z) of the 100th element?\n",
    "print(np.unravel_index(100,(6,7,8)))"
   ]
  },
  {
   "cell_type": "code",
   "execution_count": 22,
   "metadata": {},
   "outputs": [
    {
     "name": "stdout",
     "output_type": "stream",
     "text": [
      "[[0 1 0 1 0 1 0 1]\n",
      " [1 0 1 0 1 0 1 0]\n",
      " [0 1 0 1 0 1 0 1]\n",
      " [1 0 1 0 1 0 1 0]\n",
      " [0 1 0 1 0 1 0 1]\n",
      " [1 0 1 0 1 0 1 0]\n",
      " [0 1 0 1 0 1 0 1]\n",
      " [1 0 1 0 1 0 1 0]]\n"
     ]
    }
   ],
   "source": [
    "#19. Create a checkerboard 8x8 matrix using the tile function (★☆☆)\n",
    "Z = np.tile(np.array([[0,1],[1,0]]),(4,4))\n",
    "print(Z)"
   ]
  },
  {
   "cell_type": "code",
   "execution_count": 162,
   "metadata": {},
   "outputs": [
    {
     "name": "stdout",
     "output_type": "stream",
     "text": [
      "[[0.28607083 0.20141935 0.24932898 0.49056162 0.87663891]\n",
      " [0.2758539  0.32041917 0.         0.45196631 0.67920654]\n",
      " [0.39264614 0.67958542 0.68104983 0.16981269 0.51886507]\n",
      " [0.31875736 0.93388535 0.81072521 0.22700333 1.        ]\n",
      " [0.16328969 0.00327262 0.9915005  0.55304053 0.69793191]]\n"
     ]
    }
   ],
   "source": [
    "#20. Normalize a 5x5 random matrix (★☆☆)\n",
    "Z = np.random.random((5,5))\n",
    "Zmax,Zmin = Z.max(),Z.min()\n",
    "Z = (Z-Zmin)/(Zmax-Zmin)\n",
    "print(Z)"
   ]
  },
  {
   "cell_type": "code",
   "execution_count": 26,
   "metadata": {},
   "outputs": [
    {
     "name": "stderr",
     "output_type": "stream",
     "text": [
      "D:\\anaconda\\lib\\site-packages\\ipykernel_launcher.py:2: FutureWarning: Passing (type, 1) or '1type' as a synonym of type is deprecated; in a future version of numpy, it will be understood as (type, (1,)) / '(1,)type'.\n",
      "  \n"
     ]
    }
   ],
   "source": [
    "#21. Create a custom dtype that describes a color as four unisgned bytes (RGBA)(★☆☆)\n",
    "color = np.dtype([(\"r\",np.ubyte,1),(\"g\",np.ubyte,1),(\"b\",np.ubyte,1),(\"a\",np.ubyte,1)])"
   ]
  },
  {
   "cell_type": "code",
   "execution_count": 163,
   "metadata": {},
   "outputs": [
    {
     "name": "stdout",
     "output_type": "stream",
     "text": [
      "[[3. 3.]\n",
      " [3. 3.]\n",
      " [3. 3.]\n",
      " [3. 3.]\n",
      " [3. 3.]]\n"
     ]
    }
   ],
   "source": [
    "#22. Multiply a 5x3 matrix by a 3x2 matrix (real matrix product) (★☆☆)\n",
    "Z = np.dot(np.ones((5,3)),np.ones((3,2)))\n",
    "print(Z)"
   ]
  },
  {
   "cell_type": "code",
   "execution_count": 164,
   "metadata": {},
   "outputs": [],
   "source": [
    "#23. Given a 1D array, negate all elements which are between 3 and 8, in place.(★☆☆)\n",
    "# Author: Evgeni Burovski\n",
    "Z = np.arange(11)\n",
    "Z[(3<Z)&(Z<=8)]*=-1"
   ]
  },
  {
   "cell_type": "code",
   "execution_count": 166,
   "metadata": {},
   "outputs": [
    {
     "name": "stdout",
     "output_type": "stream",
     "text": [
      "10\n"
     ]
    }
   ],
   "source": [
    "#24. What is the output of the following script? (★☆☆)\n",
    "# Author: Jake VanderPlas\n",
    "from numpy import*\n",
    "print(sum(range(5),-1))"
   ]
  },
  {
   "cell_type": "code",
   "execution_count": 60,
   "metadata": {},
   "outputs": [],
   "source": [
    "#25. Consider an integer vector Z, which of these expressions are legal? (★☆☆)\n",
    "#Z**Z\n",
    "#2<<Z>>2\n",
    "#Z<-Z\n",
    "#1j*Z\n",
    "#Z/1/1\n",
    "#Z<Z>Z"
   ]
  },
  {
   "cell_type": "code",
   "execution_count": 167,
   "metadata": {},
   "outputs": [
    {
     "name": "stderr",
     "output_type": "stream",
     "text": [
      "D:\\anaconda\\lib\\site-packages\\ipykernel_launcher.py:2: RuntimeWarning: divide by zero encountered in floor_divide\n",
      "  \n",
      "D:\\anaconda\\lib\\site-packages\\ipykernel_launcher.py:3: RuntimeWarning: invalid value encountered in floor_divide\n",
      "  This is separate from the ipykernel package so we can avoid doing imports until\n",
      "D:\\anaconda\\lib\\site-packages\\ipykernel_launcher.py:4: RuntimeWarning: invalid value encountered in true_divide\n",
      "  after removing the cwd from sys.path.\n",
      "D:\\anaconda\\lib\\site-packages\\ipykernel_launcher.py:5: RuntimeWarning: invalid value encountered in true_divide\n",
      "  \"\"\"\n"
     ]
    },
    {
     "data": {
      "text/plain": [
       "nan"
      ]
     },
     "execution_count": 167,
     "metadata": {},
     "output_type": "execute_result"
    }
   ],
   "source": [
    "#26. What are the result of the following expressions?\n",
    "np.array(0)//np.array(0)\n",
    "np.array(0)//np.array(0.)\n",
    "np.array(0)/np.array(0)\n",
    "np.array(0)/np.array(0.)"
   ]
  },
  {
   "cell_type": "code",
   "execution_count": 168,
   "metadata": {},
   "outputs": [
    {
     "name": "stdout",
     "output_type": "stream",
     "text": [
      "[ 4. -4.  8.  5. -6. -2. 10.  4.  4. -7.]\n"
     ]
    }
   ],
   "source": [
    "#27. How to round away from zero a float array ? (★☆☆)\n",
    "# Author: Charles R Harris\n",
    "Z = np.random.uniform(-10,+10,10)\n",
    "print(np.trunc(Z+np.copysign(0.5,Z)))"
   ]
  },
  {
   "cell_type": "code",
   "execution_count": 169,
   "metadata": {},
   "outputs": [
    {
     "name": "stdout",
     "output_type": "stream",
     "text": [
      "[4. 6. 9. 5. 5. 2. 7. 2. 2. 5.]\n",
      "[4. 6. 9. 5. 5. 2. 7. 2. 2. 5.]\n",
      "[4. 6. 9. 5. 5. 2. 7. 2. 2. 5.]\n",
      "[4 6 9 5 5 2 7 2 2 5]\n",
      "[4. 6. 9. 5. 5. 2. 7. 2. 2. 5.]\n"
     ]
    }
   ],
   "source": [
    "#28. Extract the integer part of a random array using 5 different methods (★★☆)\n",
    "Z = np.random.uniform(0,10,10)\n",
    "print(Z-Z%1)\n",
    "print(np.floor(Z))\n",
    "print(np.ceil(Z)-1)\n",
    "print(Z.astype(int))\n",
    "print(np.trunc(Z))"
   ]
  },
  {
   "cell_type": "code",
   "execution_count": 170,
   "metadata": {},
   "outputs": [
    {
     "name": "stdout",
     "output_type": "stream",
     "text": [
      "[[0. 1. 2. 3. 4.]\n",
      " [0. 1. 2. 3. 4.]\n",
      " [0. 1. 2. 3. 4.]\n",
      " [0. 1. 2. 3. 4.]\n",
      " [0. 1. 2. 3. 4.]]\n"
     ]
    }
   ],
   "source": [
    "#29. Create a 5x5 matrix with row values ranging from 0 to 4 (★★☆)\n",
    "Z = np.zeros((5,5))\n",
    "Z+= np.arange(5)\n",
    "print(Z)"
   ]
  },
  {
   "cell_type": "code",
   "execution_count": 171,
   "metadata": {},
   "outputs": [],
   "source": [
    "#30. Consider a generator function that generates 10 integers and use it to build anarray (★☆☆)\n",
    "#def generate():\n",
    " #   for x in xrange(10):\n",
    "#        yield x\n",
    "#Z=np.fromiter(generate(),dtype=float,count=-1)\n",
    "#print(Z)   "
   ]
  },
  {
   "cell_type": "code",
   "execution_count": 172,
   "metadata": {},
   "outputs": [
    {
     "name": "stdout",
     "output_type": "stream",
     "text": [
      "[0.09090909 0.18181818 0.27272727 0.36363636 0.45454545 0.54545455\n",
      " 0.63636364 0.72727273 0.81818182 0.90909091]\n"
     ]
    }
   ],
   "source": [
    "#31. Create a vector of size 10 with values ranging from 0 to 1, both excluded (★★☆)\n",
    "Z = np.linspace(0,1,12,endpoint=True)[1:-1]\n",
    "print(Z)      "
   ]
  },
  {
   "cell_type": "code",
   "execution_count": 173,
   "metadata": {},
   "outputs": [
    {
     "name": "stdout",
     "output_type": "stream",
     "text": [
      "[0.02358363 0.21074487 0.30274654 0.36654083 0.4803157  0.61516762\n",
      " 0.7022566  0.83065336 0.86045505 0.92951049]\n"
     ]
    }
   ],
   "source": [
    "#32. Create a random vector of size 10 and sort it (★★☆)\n",
    "Z = np.random.random(10)\n",
    "Z.sort()\n",
    "print(Z)       "
   ]
  },
  {
   "cell_type": "code",
   "execution_count": 174,
   "metadata": {},
   "outputs": [
    {
     "data": {
      "text/plain": [
       "45"
      ]
     },
     "execution_count": 174,
     "metadata": {},
     "output_type": "execute_result"
    }
   ],
   "source": [
    "#33. How to sum a small array faster than np.sum? (★★☆)# Author: Evgeni Burovski\n",
    "Z = np.arange(10)\n",
    "np.add.reduce(Z)     "
   ]
  },
  {
   "cell_type": "code",
   "execution_count": 175,
   "metadata": {},
   "outputs": [
    {
     "name": "stdout",
     "output_type": "stream",
     "text": [
      "False\n"
     ]
    }
   ],
   "source": [
    "#34. Consider two random array A anb B, check if they are equal (★★☆)\n",
    "A = np.random.randint(0,2,5)\n",
    "B = np.random.randint(0,2,5)\n",
    "equal = np.allclose(A,B)\n",
    "print(equal) "
   ]
  },
  {
   "cell_type": "code",
   "execution_count": 176,
   "metadata": {},
   "outputs": [
    {
     "data": {
      "text/plain": [
       "0.0"
      ]
     },
     "execution_count": 176,
     "metadata": {},
     "output_type": "execute_result"
    }
   ],
   "source": [
    "#35. Make an array immutable (read­only) (★★☆)\n",
    "Z = np.zeros(10)\n",
    "Z.flags.writeable = False\n",
    "Z[0]"
   ]
  },
  {
   "cell_type": "code",
   "execution_count": 177,
   "metadata": {},
   "outputs": [
    {
     "name": "stdout",
     "output_type": "stream",
     "text": [
      "[0.70168058 0.61005118 0.19234129 0.88184922 0.88542234 0.52972228\n",
      " 1.06773792 0.67341631 0.64323783 1.03115355]\n",
      "[0.72401381 1.28599379 1.02885136 0.63445015 0.74930439 0.68838811\n",
      " 0.99644304 0.37156746 0.68353535 1.30798075]\n"
     ]
    }
   ],
   "source": [
    "#36. Consider a random 10x2 matrix representing cartesian coordinates, convert themto polar coordinates (★★☆)\n",
    "Z = np.random.random((10,2))\n",
    "X,Y = Z[:,0],Z[:,1]\n",
    "R = np.sqrt(X**2+Y**2)\n",
    "T = np.arctan2(Y,X)\n",
    "print(R)\n",
    "print(T)      "
   ]
  },
  {
   "cell_type": "code",
   "execution_count": 178,
   "metadata": {},
   "outputs": [
    {
     "name": "stdout",
     "output_type": "stream",
     "text": [
      "[0.56761659 0.4255427  0.64862186 0.63991228 0.04107728 0.\n",
      " 0.24675217 0.94636607 0.74859105 0.22628025]\n"
     ]
    }
   ],
   "source": [
    "#37. Create random vector of size 10 and replace the maximum value by 0 (★★☆)\n",
    "Z = np.random.random(10)\n",
    "Z[Z.argmax()] = 0\n",
    "print(Z)      "
   ]
  },
  {
   "cell_type": "code",
   "execution_count": 180,
   "metadata": {
    "scrolled": true
   },
   "outputs": [
    {
     "name": "stdout",
     "output_type": "stream",
     "text": [
      "[[(0.        , 0.        ) (0.11111111, 0.        )\n",
      "  (0.22222222, 0.        ) (0.33333333, 0.        )\n",
      "  (0.44444444, 0.        ) (0.55555556, 0.        )\n",
      "  (0.66666667, 0.        ) (0.77777778, 0.        )\n",
      "  (0.88888889, 0.        ) (1.        , 0.        )]\n",
      " [(0.        , 0.11111111) (0.11111111, 0.11111111)\n",
      "  (0.22222222, 0.11111111) (0.33333333, 0.11111111)\n",
      "  (0.44444444, 0.11111111) (0.55555556, 0.11111111)\n",
      "  (0.66666667, 0.11111111) (0.77777778, 0.11111111)\n",
      "  (0.88888889, 0.11111111) (1.        , 0.11111111)]\n",
      " [(0.        , 0.22222222) (0.11111111, 0.22222222)\n",
      "  (0.22222222, 0.22222222) (0.33333333, 0.22222222)\n",
      "  (0.44444444, 0.22222222) (0.55555556, 0.22222222)\n",
      "  (0.66666667, 0.22222222) (0.77777778, 0.22222222)\n",
      "  (0.88888889, 0.22222222) (1.        , 0.22222222)]\n",
      " [(0.        , 0.33333333) (0.11111111, 0.33333333)\n",
      "  (0.22222222, 0.33333333) (0.33333333, 0.33333333)\n",
      "  (0.44444444, 0.33333333) (0.55555556, 0.33333333)\n",
      "  (0.66666667, 0.33333333) (0.77777778, 0.33333333)\n",
      "  (0.88888889, 0.33333333) (1.        , 0.33333333)]\n",
      " [(0.        , 0.44444444) (0.11111111, 0.44444444)\n",
      "  (0.22222222, 0.44444444) (0.33333333, 0.44444444)\n",
      "  (0.44444444, 0.44444444) (0.55555556, 0.44444444)\n",
      "  (0.66666667, 0.44444444) (0.77777778, 0.44444444)\n",
      "  (0.88888889, 0.44444444) (1.        , 0.44444444)]\n",
      " [(0.        , 0.55555556) (0.11111111, 0.55555556)\n",
      "  (0.22222222, 0.55555556) (0.33333333, 0.55555556)\n",
      "  (0.44444444, 0.55555556) (0.55555556, 0.55555556)\n",
      "  (0.66666667, 0.55555556) (0.77777778, 0.55555556)\n",
      "  (0.88888889, 0.55555556) (1.        , 0.55555556)]\n",
      " [(0.        , 0.66666667) (0.11111111, 0.66666667)\n",
      "  (0.22222222, 0.66666667) (0.33333333, 0.66666667)\n",
      "  (0.44444444, 0.66666667) (0.55555556, 0.66666667)\n",
      "  (0.66666667, 0.66666667) (0.77777778, 0.66666667)\n",
      "  (0.88888889, 0.66666667) (1.        , 0.66666667)]\n",
      " [(0.        , 0.77777778) (0.11111111, 0.77777778)\n",
      "  (0.22222222, 0.77777778) (0.33333333, 0.77777778)\n",
      "  (0.44444444, 0.77777778) (0.55555556, 0.77777778)\n",
      "  (0.66666667, 0.77777778) (0.77777778, 0.77777778)\n",
      "  (0.88888889, 0.77777778) (1.        , 0.77777778)]\n",
      " [(0.        , 0.88888889) (0.11111111, 0.88888889)\n",
      "  (0.22222222, 0.88888889) (0.33333333, 0.88888889)\n",
      "  (0.44444444, 0.88888889) (0.55555556, 0.88888889)\n",
      "  (0.66666667, 0.88888889) (0.77777778, 0.88888889)\n",
      "  (0.88888889, 0.88888889) (1.        , 0.88888889)]\n",
      " [(0.        , 1.        ) (0.11111111, 1.        )\n",
      "  (0.22222222, 1.        ) (0.33333333, 1.        )\n",
      "  (0.44444444, 1.        ) (0.55555556, 1.        )\n",
      "  (0.66666667, 1.        ) (0.77777778, 1.        )\n",
      "  (0.88888889, 1.        ) (1.        , 1.        )]]\n"
     ]
    }
   ],
   "source": [
    "#38. Create a structured array with x and y coordinates covering the [0,1]x[0,1] area(★★☆\n",
    "Z = np.zeros((10,10),[('x',float),('y',float)])\n",
    "Z['x'],Z['y'] = np.meshgrid(np.linspace(0,1,10),np.linspace(0,1,10))\n",
    "print(Z)"
   ]
  },
  {
   "cell_type": "code",
   "execution_count": 181,
   "metadata": {},
   "outputs": [
    {
     "name": "stdout",
     "output_type": "stream",
     "text": [
      "3638.1636371179666\n"
     ]
    }
   ],
   "source": [
    "#39. Given two arrays, X and Y, construct the Cauchy matrix C (Cij = 1/(xi ­ yj))# Author: Evgeni Burovski\n",
    "X = np.arange(8)\n",
    "Y = X+0.5\n",
    "C = 1.0/np.subtract.outer(X,Y)\n",
    "print(np.linalg.det(C))"
   ]
  },
  {
   "cell_type": "code",
   "execution_count": 182,
   "metadata": {},
   "outputs": [
    {
     "name": "stdout",
     "output_type": "stream",
     "text": [
      "-128\n",
      "127\n",
      "-2147483648\n",
      "2147483647\n",
      "-9223372036854775808\n",
      "9223372036854775807\n",
      "-3.4028235e+38\n",
      "3.4028235e+38\n",
      "1.1920929e-07\n",
      "-1.7976931348623157e+308\n",
      "1.7976931348623157e+308\n",
      "2.220446049250313e-16\n"
     ]
    }
   ],
   "source": [
    "#40. Print the minimum and maximum representable value for each numpy scalar type(★★☆)\n",
    "for dtype in[np.int8,np.int32,np.int64]:\n",
    "    print(np.iinfo(dtype).min)\n",
    "    print(np.iinfo(dtype).max)\n",
    "for dtype in[np.float32,np.float64]:\n",
    "        print(np.finfo(dtype).min)\n",
    "        print(np.finfo(dtype).max)\n",
    "        print(np.finfo(dtype).eps)  "
   ]
  },
  {
   "cell_type": "code",
   "execution_count": 183,
   "metadata": {},
   "outputs": [],
   "source": [
    "#41. How to print all the values of an array? (★★☆)\n",
    "#np.set_printoptions(threshold=np.nan)\n",
    "#Z=np.zeros((25,25))\n",
    "#print(Z)    "
   ]
  },
  {
   "cell_type": "code",
   "execution_count": 184,
   "metadata": {},
   "outputs": [
    {
     "name": "stdout",
     "output_type": "stream",
     "text": [
      "54\n"
     ]
    }
   ],
   "source": [
    "#42. How to find the closest value (to a given scalar) in an array? (★★☆)\n",
    "Z = np.arange(100)\n",
    "v = np.random.uniform(0,100)\n",
    "index = (np.abs(Z-v)).argmin()\n",
    "print(Z[index])       "
   ]
  },
  {
   "cell_type": "code",
   "execution_count": 185,
   "metadata": {},
   "outputs": [
    {
     "name": "stdout",
     "output_type": "stream",
     "text": [
      "[((0., 0.), (0., 0., 0.)) ((0., 0.), (0., 0., 0.))\n",
      " ((0., 0.), (0., 0., 0.)) ((0., 0.), (0., 0., 0.))\n",
      " ((0., 0.), (0., 0., 0.)) ((0., 0.), (0., 0., 0.))\n",
      " ((0., 0.), (0., 0., 0.)) ((0., 0.), (0., 0., 0.))\n",
      " ((0., 0.), (0., 0., 0.)) ((0., 0.), (0., 0., 0.))]\n"
     ]
    },
    {
     "name": "stderr",
     "output_type": "stream",
     "text": [
      "D:\\anaconda\\lib\\site-packages\\ipykernel_launcher.py:2: FutureWarning: Passing (type, 1) or '1type' as a synonym of type is deprecated; in a future version of numpy, it will be understood as (type, (1,)) / '(1,)type'.\n",
      "  \n"
     ]
    }
   ],
   "source": [
    "#43. Create a structured array representing a position (x,y) and a color (r,g,b) (★★☆)\n",
    "Z = np.zeros(10,[('position',[('x',float,1),('y',float,1)]),('color',[('r',float,1),('g',float,1),('b',float,1)])])\n",
    "print(Z)     "
   ]
  },
  {
   "cell_type": "code",
   "execution_count": 186,
   "metadata": {
    "scrolled": true
   },
   "outputs": [
    {
     "name": "stdout",
     "output_type": "stream",
     "text": [
      "[[0.         0.83012744 0.89207648 0.6405638  0.17285385 0.65903824\n",
      "  0.34939168 1.05376047 0.61136186 0.64532325]\n",
      " [0.83012744 0.         0.62296862 0.534034   0.71151745 0.31837799\n",
      "  0.73806429 0.41622602 0.3727063  0.24681521]\n",
      " [0.89207648 0.62296862 0.         0.25315706 0.71922275 0.83594527\n",
      "  0.57769955 0.38237572 0.36169806 0.7434744 ]\n",
      " [0.6405638  0.534034   0.25315706 0.         0.46787229 0.65932385\n",
      "  0.34526786 0.48967215 0.17217669 0.57248186]\n",
      " [0.17285385 0.71151745 0.71922275 0.46787229 0.         0.60086539\n",
      "  0.19700828 0.89393782 0.44977877 0.56421498]\n",
      " [0.65903824 0.31837799 0.83594527 0.65932385 0.60086539 0.\n",
      "  0.71052138 0.72215079 0.49190543 0.09292118]\n",
      " [0.34939168 0.73806429 0.57769955 0.34526786 0.19700828 0.71052138\n",
      "  0.         0.82276808 0.4001542  0.65232933]\n",
      " [1.05376047 0.41622602 0.38237572 0.48967215 0.89393782 0.72215079\n",
      "  0.82276808 0.         0.44415905 0.63684678]\n",
      " [0.61136186 0.3727063  0.36169806 0.17217669 0.44977877 0.49190543\n",
      "  0.4001542  0.44415905 0.         0.40302823]\n",
      " [0.64532325 0.24681521 0.7434744  0.57248186 0.56421498 0.09292118\n",
      "  0.65232933 0.63684678 0.40302823 0.        ]]\n",
      "[[0.         0.56602984 0.18332862 0.32085376 0.4799556  0.6737207\n",
      "  0.16082558 0.69461597 0.50510553 0.50843601]\n",
      " [0.56602984 0.         0.38923498 0.52922494 0.71548788 0.23275808\n",
      "  0.5649321  0.80167752 0.10193697 0.44946876]\n",
      " [0.18332862 0.38923498 0.         0.33907734 0.53866486 0.52704436\n",
      "  0.19527212 0.72118909 0.32243968 0.37702031]\n",
      " [0.32085376 0.52922494 0.33907734 0.         0.20572729 0.51474886\n",
      "  0.4653299  0.38549544 0.5264283  0.70979412]\n",
      " [0.4799556  0.71548788 0.53866486 0.20572729 0.         0.65430176\n",
      "  0.63784587 0.22808844 0.72453538 0.91321955]\n",
      " [0.6737207  0.23275808 0.52704436 0.51474886 0.65430176 0.\n",
      "  0.7210405  0.67415044 0.3287936  0.67783745]\n",
      " [0.16082558 0.5649321  0.19527212 0.4653299  0.63784587 0.7210405\n",
      "  0.         0.84727823 0.48229253 0.38236138]\n",
      " [0.69461597 0.80167752 0.72118909 0.38549544 0.22808844 0.67415044\n",
      "  0.84727823 0.         0.83728058 1.08141133]\n",
      " [0.50510553 0.10193697 0.32243968 0.5264283  0.72453538 0.3287936\n",
      "  0.48229253 0.83728058 0.         0.34941889]\n",
      " [0.50843601 0.44946876 0.37702031 0.70979412 0.91321955 0.67783745\n",
      "  0.38236138 1.08141133 0.34941889 0.        ]]\n"
     ]
    }
   ],
   "source": [
    "#44. Consider a random vector with shape (100,2) representing coordinates, find pointby point distances (★★☆)\n",
    "Z = np.random.random((10,2))\n",
    "X,Y = np.atleast_2d(Z[:,0]),np.atleast_2d(Z[:,1])\n",
    "D = np.sqrt((X-X.T)**2+(Y-Y.T)**2)\n",
    "print(D)\n",
    "# Much faster with scipyimportscipy# Thanks Gavin Heverly-Coulson (#issue 1)\n",
    "import scipy.spatial\n",
    "Z = np.random.random((10,2))\n",
    "D = scipy.spatial.distance.cdist(Z,Z)\n",
    "print(D)"
   ]
  },
  {
   "cell_type": "code",
   "execution_count": 188,
   "metadata": {},
   "outputs": [
    {
     "data": {
      "text/plain": [
       "array([0., 1., 2., 3., 4., 5., 6., 7., 8., 9.], dtype=float32)"
      ]
     },
     "execution_count": 188,
     "metadata": {},
     "output_type": "execute_result"
    }
   ],
   "source": [
    "#45. How to convert a float (32 bits) array into an integer (32 bits) in place?\n",
    "\n",
    "Z = np.arange(10,dtype=np.int32)\n",
    "Z = Z.astype(np.float32,copy=False)\n",
    "Z"
   ]
  },
  {
   "cell_type": "code",
   "execution_count": 189,
   "metadata": {},
   "outputs": [],
   "source": [
    "#46. How to read the following file? (★★☆)# File content:# -------------1,2,3,4,56,,,7,8,,9,10,11# -------------\n",
    "\n",
    "\n",
    "#Z=np.genfromtxt(\"missing.dat\",delimiter=\",\")"
   ]
  },
  {
   "cell_type": "code",
   "execution_count": 190,
   "metadata": {},
   "outputs": [],
   "source": [
    "#Z=np.genfromtxt(\"missing.dat\",delimiter=\",\")"
   ]
  },
  {
   "cell_type": "code",
   "execution_count": 191,
   "metadata": {},
   "outputs": [
    {
     "name": "stdout",
     "output_type": "stream",
     "text": [
      "(0, 0) 0\n",
      "(0, 1) 1\n",
      "(0, 2) 2\n",
      "(1, 0) 3\n",
      "(1, 1) 4\n",
      "(1, 2) 5\n",
      "(2, 0) 6\n",
      "(2, 1) 7\n",
      "(2, 2) 8\n",
      "(0, 0) 0\n",
      "(0, 1) 1\n",
      "(0, 2) 2\n",
      "(1, 0) 3\n",
      "(1, 1) 4\n",
      "(1, 2) 5\n",
      "(2, 0) 6\n",
      "(2, 1) 7\n",
      "(2, 2) 8\n"
     ]
    }
   ],
   "source": [
    "#47. What is the equivalent of enumerate for numpy arrays? (★★☆)\n",
    "\n",
    "Z = np.arange(9).reshape(3,3)\n",
    "for index,value in np.ndenumerate(Z):\n",
    "    print(index,value)\n",
    "for index in np.ndindex(Z.shape):\n",
    "        print(index,Z[index])"
   ]
  },
  {
   "cell_type": "code",
   "execution_count": 192,
   "metadata": {},
   "outputs": [
    {
     "name": "stdout",
     "output_type": "stream",
     "text": [
      "[[0.36787944 0.44822088 0.51979489 0.57375342 0.60279818 0.60279818\n",
      "  0.57375342 0.51979489 0.44822088 0.36787944]\n",
      " [0.44822088 0.54610814 0.63331324 0.69905581 0.73444367 0.73444367\n",
      "  0.69905581 0.63331324 0.54610814 0.44822088]\n",
      " [0.51979489 0.63331324 0.73444367 0.81068432 0.85172308 0.85172308\n",
      "  0.81068432 0.73444367 0.63331324 0.51979489]\n",
      " [0.57375342 0.69905581 0.81068432 0.89483932 0.9401382  0.9401382\n",
      "  0.89483932 0.81068432 0.69905581 0.57375342]\n",
      " [0.60279818 0.73444367 0.85172308 0.9401382  0.98773022 0.98773022\n",
      "  0.9401382  0.85172308 0.73444367 0.60279818]\n",
      " [0.60279818 0.73444367 0.85172308 0.9401382  0.98773022 0.98773022\n",
      "  0.9401382  0.85172308 0.73444367 0.60279818]\n",
      " [0.57375342 0.69905581 0.81068432 0.89483932 0.9401382  0.9401382\n",
      "  0.89483932 0.81068432 0.69905581 0.57375342]\n",
      " [0.51979489 0.63331324 0.73444367 0.81068432 0.85172308 0.85172308\n",
      "  0.81068432 0.73444367 0.63331324 0.51979489]\n",
      " [0.44822088 0.54610814 0.63331324 0.69905581 0.73444367 0.73444367\n",
      "  0.69905581 0.63331324 0.54610814 0.44822088]\n",
      " [0.36787944 0.44822088 0.51979489 0.57375342 0.60279818 0.60279818\n",
      "  0.57375342 0.51979489 0.44822088 0.36787944]]\n"
     ]
    }
   ],
   "source": [
    "#48. Generate a generic 2D Gaussian­like array (★★☆)\n",
    "X,Y = np.meshgrid(np.linspace(-1,1,10),np.linspace(-1,1,10))\n",
    "D = np.sqrt(X*X+Y*Y)\n",
    "sigma,mu = 1.0,0.0\n",
    "G = np.exp(-((D-mu)**2/(2.0*sigma**2)))\n",
    "print(G)      "
   ]
  },
  {
   "cell_type": "code",
   "execution_count": 193,
   "metadata": {},
   "outputs": [],
   "source": [
    "#49. How to randomly place p elements in a 2D array? (★★☆)\n",
    "# Author: Divakar\n",
    "\n",
    "n = 10\n",
    "p = 3\n",
    "Z = np.zeros((n,n))\n",
    "np.put(Z,np.random.choice(range(n*n),p,replace = False),1)    "
   ]
  },
  {
   "cell_type": "code",
   "execution_count": 195,
   "metadata": {},
   "outputs": [
    {
     "data": {
      "text/plain": [
       "array([[-0.46580823,  0.33341597,  0.47389293, -0.26468288,  0.42716847,\n",
       "         0.26129579, -0.26233066, -0.09125536, -0.2693691 , -0.14232694],\n",
       "       [-0.38567106,  0.49678276,  0.14433729,  0.28543564, -0.40824746,\n",
       "         0.00855283,  0.14044616, -0.30938393,  0.05894589, -0.03119813],\n",
       "       [ 0.55381303, -0.22166312, -0.16154936, -0.2899991 , -0.32826809,\n",
       "        -0.0559067 , -0.20441181,  0.53299788, -0.03353044,  0.20851771],\n",
       "       [-0.01649826,  0.36214383,  0.11513478, -0.02447806, -0.41472927,\n",
       "        -0.39321515, -0.04670029,  0.26078685,  0.03258021,  0.12497535],\n",
       "       [ 0.27690184,  0.31489952, -0.07477368,  0.2553104 ,  0.26958153,\n",
       "        -0.1414909 , -0.25915651,  0.00413082, -0.33673461, -0.30866839]])"
      ]
     },
     "execution_count": 195,
     "metadata": {},
     "output_type": "execute_result"
    }
   ],
   "source": [
    "#50. Subtract the mean of each row of a matrix (★★☆)# Author: Warren Weckesser\n",
    "X = np.random.rand(5,10)# Recent versions of numpy\n",
    "Y = X-X.mean(axis = 1,keepdims=True)# Older versions of numpy\n",
    "Y = X-X.mean(axis = 1).reshape(-1,1) \n",
    "Y"
   ]
  },
  {
   "cell_type": "code",
   "execution_count": 196,
   "metadata": {},
   "outputs": [
    {
     "name": "stdout",
     "output_type": "stream",
     "text": [
      "[[4 9 5]\n",
      " [0 8 1]\n",
      " [6 7 9]]\n",
      "[[6 7 9]\n",
      " [0 8 1]\n",
      " [4 9 5]]\n"
     ]
    }
   ],
   "source": [
    "#51. How to I sort an array by the nth column? (★★☆)# Author: Steve Tjoa\n",
    "Z = np.random.randint(0,10,(3,3))\n",
    "print(Z)\n",
    "print(Z[Z[:,1].argsort()])      "
   ]
  },
  {
   "cell_type": "code",
   "execution_count": 197,
   "metadata": {},
   "outputs": [
    {
     "name": "stdout",
     "output_type": "stream",
     "text": [
      "False\n"
     ]
    }
   ],
   "source": [
    "#52. How to tell if a given 2D array has null columns? (★★☆)# Author: Warren Weckesser\n",
    "Z = np.random.randint(0,3,(3,10))\n",
    "print((~Z.any(axis=0)).any())      "
   ]
  },
  {
   "cell_type": "code",
   "execution_count": 198,
   "metadata": {},
   "outputs": [
    {
     "name": "stdout",
     "output_type": "stream",
     "text": [
      "0.5076043602987383\n"
     ]
    }
   ],
   "source": [
    "#53. Find the nearest value from a given value in an array (★★☆)\n",
    "Z = np.random.uniform(0,1,10)\n",
    "z = 0.5\n",
    "m = Z.flat[np.abs(Z-z).argmin()]\n",
    "print(m)      "
   ]
  },
  {
   "cell_type": "code",
   "execution_count": 199,
   "metadata": {},
   "outputs": [],
   "source": [
    "#54. Create an array class that has a name attribute"
   ]
  },
  {
   "cell_type": "code",
   "execution_count": 200,
   "metadata": {},
   "outputs": [],
   "source": [
    "#class NamedArray(np.ndarray):\n",
    "    #def__new__(cls,array,name=\"no name\")\n",
    "   # obj=np.asarray(array).view(cls)\n",
    "    #obj.name=name\n",
    "    #return obj\n",
    "    #def__array_finalize__(self,obj)\n",
    "    #if obj is None:return \n",
    "    #self.info=getattr(obj,'name',\"no name\")\n",
    "#Z=NamedArray(np.arange(10),\"range_10\")\n",
    "#print(Z.name)"
   ]
  },
  {
   "cell_type": "code",
   "execution_count": 201,
   "metadata": {},
   "outputs": [
    {
     "name": "stdout",
     "output_type": "stream",
     "text": [
      "[1. 4. 2. 3. 3. 4. 3. 6. 3. 1.]\n"
     ]
    }
   ],
   "source": [
    "#55. Consider a given vector, how to add 1 to each element indexed by a secondvector (be careful with repeated indices)? (★★★)# Author: Brett Olsen\n",
    "Z = np.ones(10)\n",
    "I = np.random.randint(0,len(Z),20)\n",
    "Z += np.bincount(I,minlength=len(Z))\n",
    "print(Z)"
   ]
  },
  {
   "cell_type": "code",
   "execution_count": 202,
   "metadata": {},
   "outputs": [
    {
     "name": "stdout",
     "output_type": "stream",
     "text": [
      "[0. 7. 0. 6. 5. 0. 0. 0. 0. 3.]\n"
     ]
    }
   ],
   "source": [
    "#56. How to accumulate elements of a vector (X) to an array (F) based on an index list(I)? (★★★)# Author: Alan G Isaac\n",
    "X = [1,2,3,4,5,6]\n",
    "I = [1,3,9,3,4,1]\n",
    "F = np.bincount(I,X)\n",
    "print(F)"
   ]
  },
  {
   "cell_type": "code",
   "execution_count": 203,
   "metadata": {},
   "outputs": [
    {
     "name": "stdout",
     "output_type": "stream",
     "text": [
      "[0 1]\n"
     ]
    }
   ],
   "source": [
    "#57. Considering a (w,h,3) image of (dtype=ubyte), compute the number of uniquecolors (★★★)# Author: Nadav Horesh\n",
    "w,h = 16,16\n",
    "I = np.random.randint(0,2,(h,w,3)).astype(np.ubyte)\n",
    "F = I[...,0]*256*256+I[...,1]*256+I[...,2]\n",
    "n = len(np.unique(F))\n",
    "print(np.unique(I))"
   ]
  },
  {
   "cell_type": "code",
   "execution_count": 204,
   "metadata": {},
   "outputs": [
    {
     "name": "stdout",
     "output_type": "stream",
     "text": [
      "[[51 56 47 53]\n",
      " [42 53 33 67]\n",
      " [67 58 56 62]]\n"
     ]
    }
   ],
   "source": [
    "#58. Considering a four dimensions array, how to get sum over the last two axis atonce? (★★★)\n",
    "A = np.random.randint(0,10,(3,4,3,4))\n",
    "sum = A.reshape(A.shape[:-2]+(-1,)).sum(axis=-1)\n",
    "print(sum)"
   ]
  },
  {
   "cell_type": "code",
   "execution_count": 205,
   "metadata": {},
   "outputs": [
    {
     "name": "stdout",
     "output_type": "stream",
     "text": [
      "[0.51621061 0.5217955  0.32989765 0.47783591 0.53855411 0.48084149\n",
      " 0.66542837 0.51309301 0.48327219 0.50348468]\n"
     ]
    }
   ],
   "source": [
    "#59. Considering a one­dimensional vector D, how to compute means of subsets of Dusing a vector S of same size describing subset indices? (★★★)# Author: Jaime Fernández del Río\n",
    "D = np.random.uniform(0,1,100)\n",
    "S = np.random.randint(0,10,100)\n",
